0 0.046875 0.192708 0.090278 0.179398
0 0.133681 0.173032 0.083333 0.172454
0 0.222656 0.169560 0.077257 0.186343
0 0.314670 0.155671 0.087674 0.140046
0 0.404080 0.151042 0.087674 0.165509
0 0.496094 0.153935 0.084201 0.145833
0 0.573351 0.147569 0.098090 0.167824
0 0.677517 0.149884 0.099826 0.160880
0 0.774306 0.152778 0.093750 0.150463
0 0.871962 0.152778 0.085938 0.122685
0 0.963976 0.170139 0.085938 0.150463
0 0.873698 0.757523 0.085938 0.406250
0 0.774306 0.764468 0.105903 0.408565
0 0.673611 0.765046 0.102431 0.407407
0 0.573785 0.758102 0.097222 0.388889
0 0.477865 0.750579 0.096354 0.385417
0 0.379340 0.755208 0.100694 0.387731
0 0.279080 0.750579 0.098090 0.383102
0 0.194444 0.746528 0.078125 0.384259
0 0.110243 0.742477 0.093750 0.366898
0 0.033854 0.741319 0.062500 0.376157
