0 0.115885 0.662037 0.155382 0.629630
0 0.261719 0.363426 0.077257 0.293981
0 0.322483 0.336806 0.080729 0.291667
0 0.389323 0.339120 0.068576 0.298611
0 0.455295 0.340278 0.065104 0.310185
0 0.523438 0.337963 0.065972 0.307870
0 0.582031 0.336806 0.065104 0.324074
0 0.645833 0.332755 0.071181 0.306713
0 0.711372 0.331019 0.078993 0.303241
0 0.260417 0.625579 0.060764 0.278935
0 0.317708 0.622106 0.059028 0.271991
0 0.378038 0.637153 0.070312 0.306713
0 0.445747 0.645255 0.065104 0.295139
0 0.511285 0.641204 0.074653 0.277778
0 0.578559 0.646991 0.070312 0.284722
0 0.643229 0.660880 0.059028 0.326389
0 0.714410 0.649884 0.071181 0.295139
